6 0 58768.98601657221 655.6285946200219 0.2811105610378094 -29.044650062029746 
6 1 58769.15286007579 649.7788674153196 0.23077000864846572 -26.61493353935043 
6 2 58769.28855699398 666.4036578024934 0.15931378373965885 -47.12426538563534 
6 3 58843.75493937626 689.6507530351771 0.47098943108493607 -28.262182844332642 
6 4 58843.92177528474 681.494759452997 1.0083006088250848 -36.54187281585553 
6 5 58844.0677436926 691.1670584039409 0.6830237339171287 -20.405230623585908 
6 6 58844.74869752928 735.771298458036 0.2707767018604226 -6.320222076903065 
6 7 58844.9154986378 750.7000515162106 0.8416469980594063 -23.332099699449486 
6 8 58845.068411054206 770.1922130074018 0.27130442182970815 -35.41013663031163 
6 9 58845.704620737706 833.5665622834338 0.4654833335041586 -43.17414739458377 
6 10 58845.871410054126 843.9500223294622 1.6194831930218736 -39.908999768196736 
6 11 58846.038234146814 856.3162547524723 0.7153144219786598 -28.93727644991418 
6 12 58846.73734679694 891.7856932182744 0.20002059471034672 -60.10971326774859 
6 13 58846.904217135365 881.89530422988 0.17168485917017567 -54.906725482986076 
6 14 58847.05709487762 887.270171258176 0.28083887258804774 -54.32438364261566 
6 15 58847.72726107924 869.7020093724584 0.4108218240553715 -52.65502615191906 
#6 16 58847.89402717054 850.5654254736698 0.2761326630600253 -55.40910873570226 
#6 16 58847.89402717054 816.1943590853552 0.7245632848730614 -47.5263194181299 
6 17 58848.05274944334 803.3784459499021 0.6115149289616725 -5.61303212431676 
6 18 58848.71123766474 739.4040063662716 0.18744660701062577 -37.88025250119199 
6 19 58848.87806153111 719.4045022902316 0.28275860295685057 -33.955455314286155 
6 20 58849.04257062302 705.1814399649737 0.8150176726347135 -8.854761746677468 
