11 0 58768.98601657221 2579.576265549026 3.3211032369764233 3.202119562864027 
11 1 58769.15286007579 2550.088469779336 3.0088391765989395 39.76441866344521 
11 2 58769.28855699398 2733.762943954818 2.603167168424742 -34.05433328344543 
11 3 58843.75493937626 2570.9223852268997 3.907150585470395 -160.02106918474556 
11 4 58843.92177528474 2511.3648505671067 3.889981792575417 -131.30083069628745 
11 5 58844.0677436926 2649.740447122678 18.496810147343325 -96.64444392166934 
11 6 58844.74869752928 3039.086643544674 8.523825236465493 -83.1551681930805 
11 7 58844.9154986378 3169.1036464657855 1.7665204608899225 -83.82620940650077 
11 8 58845.068411054206 3260.2730160488027 22.053432300724385 -123.40111295952511 
11 9 58845.704620737706 3644.777595191208 4.094491877496729 -101.76198205502897 
11 10 58845.871410054126 3685.14009601797 21.295756938304518 -137.18791219393597 
11 11 58846.038234146814 3797.505270474867 4.883834986684766 -101.58657037747298 
11 12 58846.73734679694 3708.815436848703 23.881999966260103 -181.398636338929 
11 13 58846.904217135365 3761.2765865610263 3.1720813412616033 -76.47875037016775 
11 14 58847.05709487762 3688.5434496672847 12.475455087687482 -60.90289976477834 
11 18 58848.71123766474 2735.4527883395363 2.26890546950944 -117.98663451845005 
11 19 58848.87806153111 2656.592821817785 5.473756247747681 15.230234511344406 
11 20 58849.04257062302 2581.7008209786345 1.042793888357704 -137.99987428513214 
