10 0 58768.98601657221 1767.12865134149 1.8920642517454915 -13.93565583237978 
10 1 58769.15286007579 1758.2820587590038 1.071185094308771 -17.544541776176175 
10 2 58769.28855699398 1764.5150568552554 0.48915399353566863 5.444753253968656 
10 3 58843.75493937626 1773.3222879357663 1.7008622073481834 -85.96927719472637 
10 4 58843.92177528474 1762.3383541130424 0.6798337342745993 -66.20299865834568 
10 5 58844.0677436926 1774.5105827753441 3.9070704791598923 -83.3669593807258 
10 6 58844.74869752928 1904.8610772374857 0.7874361600161738 -61.34961384109192 
10 7 58844.9154986378 1948.8410938114612 0.6353937281270658 -36.483878414578385 
10 8 58845.068411054206 1996.2453468485432 0.8580528199448539 -71.42758297558453 
10 9 58845.704620737706 2207.743479820656 1.0398731886905601 -103.04158653443028 
10 10 58845.871410054126 2262.309162617895 0.8590396310577262 -79.12565789787823 
10 11 58846.038234146814 2297.3813910880594 1.9344524913762802 -111.76719825281089 
10 12 58846.73734679694 2408.4351777432803 0.3221964454698127 -70.19302002843278 
10 13 58846.904217135365 2393.8926540333696 0.4107069516184694 -97.82191616843238 
10 14 58847.05709487762 2378.38410549803 0.5089082755774741 -54.05330849303482 
10 15 58847.72726107924 2209.8493507633134 6.98525826295978 -112.06199603780806 
10 16 58847.89402717054 2188.913304026917 1.6210503304842196 -103.31079401342731 
10 17 58848.05274944334 2152.048552267441 1.222255242678618 -117.59365714923024 
10 18 58848.71123766474 1900.2145641395177 0.9002652008114328 -45.90891234406104 
10 19 58848.87806153111 1867.6575645843157 1.0597642721557412 -44.987167965234676 
10 20 58849.04257062302 1826.6898180191004 0.9670870844157256 -93.08293274736161 
