9 0 58768.98601657221 1014.7345909778462 0.09554601603610387 -28.065019948167333 
9 1 58769.15286007579 995.2853770166182 0.19484529940050083 -30.252636128210042 
9 2 58769.28855699398 985.6124594236728 0.12444944712827324 -11.096329284044259 
9 3 58843.75493937626 1010.4956548551679 0.35210973350741953 -39.57539500521614 
9 4 58843.92177528474 1000.7005898701175 0.23946981526624742 -41.38144876295553 
9 5 58844.0677436926 975.1826092158085 0.2344529140690438 -55.20452758499721 
9 6 58844.74869752928 988.4365180102388 0.2845763424789562 -51.24071448417044 
9 7 58844.9154986378 1005.7971706086032 0.33692680750723564 -45.21301684604157 
9 8 58845.068411054206 1023.138297596976 0.32567606686084666 -53.737064152839366 
9 9 58845.704620737706 1105.3532635173046 0.1632187523332496 -62.45893624950145 
9 10 58845.871410054126 1126.9810821321284 0.30549876929632347 -54.71765787743652 
9 11 58846.038234146814 1139.3835033252908 1.1028368953715335 -84.67692385250916 
9 12 58846.73734679694 1216.2542874586102 2.4756942029036124 -71.88386984212207 
9 13 58846.904217135365 1227.8017556830227 0.23159765329561616 -84.32909923407465 
9 14 58847.05709487762 1235.239939347718 0.203462980127 -50.37451828066742 
9 15 58847.72726107924 1221.938083172223 0.426393733814762 -64.20583636898664 
9 16 58847.89402717054 1203.9512682737573 0.8956469125309543 -73.96837216019935 
9 17 58848.05274944334 1200.2793630857616 0.23769233411996776 -23.66350002175932 
9 18 58848.71123766474 1118.421018385319 0.1883096221738058 -34.99283553668511 
9 19 58848.87806153111 1096.063998638089 1.1577399193757432 -29.13084612582088 
9 20 58849.04257062302 1070.6144709316056 0.20487069941555328 -33.78198065012657 
