2 0 58768.98601657221 465.6749001885913 0.07512638231455544 2.8605176032307327 
2 1 58769.15286007579 462.0782057850728 0.18518518507587728 3.442650602470735 
2 2 58769.28855699398 458.58468423207853 0.10479351425010411 7.1051363993736345 
2 3 58843.75493937626 518.0616945736783 0.3089486515450436 -10.717434530031824 
2 4 58843.92177528474 514.3657529836504 0.06837266514433642 -9.601671447843955 
2 5 58844.0677436926 508.71159355119767 0.7568905146217588 -15.992567394380615 
2 7 58844.9154986378 504.68498752605484 3.0072154113873744 -9.058147318504666 
2 8 58845.068411054206 514.6345528890911 0.8636640755982431 -3.4634839244157547 
2 9 58845.704620737706 540.7648413440228 0.1829682227160404 -11.248108692258256 
2 10 58845.871410054126 550.8100348977771 0.10646397991861623 -5.734585737420389 
2 11 58846.038234146814 559.0085030477317 0.2616124097669105 -12.961562324228794 
2 12 58846.73734679694 574.5589778778385 0.5292401030928952 -4.476239526073755 
2 13 58846.904217135365 580.7871778158076 3.678942823312245 -25.35707854289342 
2 14 58847.05709487762 585.3185894501585 0.16530453560516192 -10.193694333874078 
2 15 58847.72726107924 586.0052661522773 0.13667236597613197 -14.642971281630366 
2 16 58847.89402717054 583.0007459313293 0.14598493523716866 -12.964618180084699 
2 17 58848.05274944334 578.7610306518951 0.14914359408818836 -4.074496948472188 
2 18 58848.71123766474 551.6380154137105 0.12826071425905564 -5.371546337794712 
2 19 58848.87806153111 544.6857572448482 0.11330321160585038 -6.604855451836215 
2 20 58849.04257062302 537.4984649770881 0.07770433898397176 -5.331482210081049 
