3 0 58768.98601657221 474.977086133066 0.441947162681193 -2.3124635146448327 
3 2 58769.28855699398 470.0584238143292 0.16137303944987835 12.749892587693523 
3 4 58843.92177528474 511.7156272692314 0.4549750605751899 -8.387072292269806 
3 5 58844.0677436926 507.9306309194759 0.40382427530287185 -15.748246554092248 
3 9 58845.704620737706 570.0548506207897 0.2423870029833567 -13.829825091906855 
3 10 58845.871410054126 580.2404640940888 0.3601015076116696 -6.278172254583978 
3 11 58846.038234146814 586.9786851294311 0.774322437751583 -17.63243730454633 
3 12 58846.73734679694 602.681578822994 4.45438180627861 -20.614684626568646 
3 13 58846.904217135365 612.1616974654507 0.2833894723607939 -13.659951575923401 
3 14 58847.05709487762 616.5264815754795 0.24178592438632254 -3.999853400743973 
3 15 58847.72726107924 610.7086197694375 0.14043543434868852 -14.626457861084987 
3 16 58847.89402717054 600.491153577716 0.8830224178416981 -22.246450485976425 
3 17 58848.05274944334 602.2100563275087 0.12132728789783508 -1.2762082040625273 
3 18 58848.71123766474 564.2670406540135 0.9731227871143462 -5.536625336678981 
3 19 58848.87806153111 543.7145786232518 0.1754074318792417 -6.760485568378499 
3 20 58849.04257062302 536.6216060296083 0.15314036152414606 -5.423899094859962 
