8 0 58768.98601657221 850.2528280606455 0.4221050209305063 -25.381825138134786 
8 1 58769.15286007579 836.3873323008552 0.33118248312251647 -16.55883102650307 
8 2 58769.28855699398 837.4796327424419 0.08164536854681727 -12.602451247848876 
8 3 58843.75493937626 860.2526959908835 5.668429316681421 -49.47500400485376 
8 4 58843.92177528474 858.7232451369581 0.1505556258779655 -49.104636490778375 
8 5 58844.0677436926 858.8334030176794 0.5304770803456942 -47.07904862887108 
8 6 58844.74869752928 887.9803768217491 0.8369325625074193 -28.19812036936139 
8 7 58844.9154986378 883.357819258634 0.2345779753967401 -31.534162357029004 
8 10 58845.871410054126 1016.8546105723269 0.28419629796275986 -42.96541002816741 
8 11 58846.038234146814 1039.5858444849919 0.1335083012631191 -64.14963663619665 
8 12 58846.73734679694 1085.95902280462 0.4255083145765961 -40.2173722074906 
8 13 58846.904217135365 1103.7478458273977 0.10062934662267813 -65.11963589982588 
8 14 58847.05709487762 1093.7118917444946 0.11044434646563603 -70.30662085718359 
8 15 58847.72726107924 1039.9686209228503 0.09406390925004922 -20.37369016615594 
8 16 58847.89402717054 1037.6058065381044 0.18255386262040046 -34.96836190727436 
8 17 58848.05274944334 1011.7227163090544 0.22065966434002313 -34.225438449929015 
8 18 58848.71123766474 932.906625202035 0.1996176021176813 -45.902300707015115 
8 19 58848.87806153111 919.8338275763067 0.46155518535693846 -41.65007987852596 
8 20 58849.04257062302 895.9062628682873 0.17910562672858146 -21.828115010035617 
