7 0 58768.98601657221 748.3853225722653 0.3600467510247619 -22.106016584718418 
7 1 58769.15286007579 721.4944799793511 1.153151200538693 -66.42037891784219 
7 2 58769.28855699398 732.8565808735218 0.21795085463259023 -24.440580169719055 
7 3 58843.75493937626 767.1778476493712 3.9732805228393744 -59.633178612553365 
7 4 58843.92177528474 773.3879742171105 0.5873804960834939 -33.631084516485316 
7 5 58844.0677436926 776.5205221366252 0.10127865279124851 -41.1848285471217 
7 6 58844.74869752928 842.3007303288732 0.4020743148086285 -41.39803376881969 
7 7 58844.9154986378 872.4010810659404 0.31997194533785583 -53.10242904933364 
7 8 58845.068411054206 886.3279221832669 0.3078789796840754 -55.66045132850377 
7 9 58845.704620737706 976.5844213055237 0.40949112608457067 -55.05482202042958 
7 10 58845.871410054126 993.7897079762453 0.22764120878646993 -45.798685122986626 
7 11 58846.038234146814 1011.5558781944903 0.37277947922092014 -59.241693951832076 
7 12 58846.73734679694 1043.2866884825435 0.2910512051841593 -59.84602087814949 
7 13 58846.904217135365 1042.6068068776046 0.11251260620706868 -65.7241469565464 
7 14 58847.05709487762 1035.467843716201 0.18402317335801646 -38.78587312712409 
7 15 58847.72726107924 978.7405661327904 0.14526149780655748 -47.008834383526164 
7 16 58847.89402717054 946.9705564503836 0.1800134013996295 -66.24095931779163 
7 17 58848.05274944334 914.485310690889 0.32307523314242115 -29.68620969766664 
7 18 58848.71123766474 818.0768589278221 0.3252911892874736 -11.744732379101038 
7 20 58849.04257062302 795.9271358018304 0.21778941586817122 -42.453374827841685 
