5 0 58768.98601657221 550.2527030223093 0.3145860001537127 -2.5832106074465173 
5 1 58769.15286007579 560.8491677864433 0.23019181737301403 -15.083166914606863 
5 2 58769.28855699398 567.3962880321878 0.07429401683077486 -9.011048603923996 
5 3 58843.75493937626 595.1217800732445 0.12725863878215213 -24.051242361595996 
5 4 58843.92177528474 596.9090293493625 0.15016883260042885 -42.69340278377342 
5 5 58844.0677436926 609.0134527397568 0.10571479218699091 -35.0906669337395 
5 6 58844.74869752928 669.6344032625552 0.22795769806484906 -20.304554575900625 
5 7 58844.9154986378 688.0964177211242 0.21330804670948758 -27.49204116917076 
5 8 58845.068411054206 707.868191614293 0.44583198555901316 -39.09904904043549 
5 9 58845.704620737706 769.4565643504399 0.14893364107241544 -34.906903959841884 
5 10 58845.871410054126 787.1959272650774 0.16196954413439443 -37.57838777613131 
5 11 58846.038234146814 801.6725350468046 0.12047232424198237 -43.79232171309775 
5 12 58846.73734679694 808.2575133969929 0.32868725462071424 -28.169413098233917 
5 13 58846.904217135365 801.92794296972 0.17749318125686195 -56.548279088497566 
5 14 58847.05709487762 788.6568299645121 0.308625553101216 -36.14719033202664 
5 15 58847.72726107924 732.0177113231518 0.11896381146446598 -44.52365135763807 
5 16 58847.89402717054 716.925407194861 0.2487965221439132 -39.09459180769829 
5 17 58848.05274944334 694.9977037715829 0.26945666134120067 -8.208328074804967 
5 18 58848.71123766474 617.7858920281435 0.3115637245994731 -8.873368134079442 
5 19 58848.87806153111 607.538056450305 0.22764913223671343 -30.025333228685327 
5 20 58849.04257062302 600.4685387657544 0.5565945497679515 -8.306981904777558 
