12 0 58768.98601657221 3896.243625108118 10.694967149501855 -341.80886288957436 
12 1 58769.15286007579 3782.5242121744923 54.42402462982163 -63.36335085433848 
12 2 58769.28855699398 3777.427201901388 7.452326471945699 21.211940930302262 
12 2 58769.28855699398 3777.427201901388 7.452326471945699 21.211940930302262 
12 3 58843.75493937626 3824.3768047660196 13.647073597454918 -273.3939029892713 
12 4 58843.92177528474 4072.861060467605 9.228735955979417 -70.6344293182351 
12 5 58844.0677436926 3795.9910681146944 7.881698049513328 -98.26778444160936 
12 6 58844.74869752928 4158.585687184794 9.603472205600092 -31.225215140956607 
12 7 58844.9154986378 4226.12691552272 12.628160506237597 -57.49497922336377 
12 8 58845.068411054206 4397.328360637965 22.96105825274838 -49.11419710354494 
12 9 58845.704620737706 4940.066790311 27.036163444443964 -349.0857765084893 
12 10 58845.871410054126 5021.751946599625 17.12665227074426 -23.257902811920758 
12 11 58846.038234146814 5062.9346448647175 6.774845399518373 -154.66316748144072 
12 13 58846.904217135365 5191.569513615062 18.432580309331453 -226.45562523677108 
12 14 58847.05709487762 5088.204501243532 13.7707529469771 -247.06809813698783 
12 16 58847.89402717054 4432.897725191097 58.24244344864018 -17.135984461274347 
12 17 58848.05274944334 4517.985633878438 25.182965413597216 -324.3224217193292 
12 19 58848.87806153111 4051.182974535215 11.48143746728022 -376.3135534790913 
12 20 58849.04257062302 3709.2350527629533 7.143838284016654 -148.08086223600776 
