0 0 58768.98601657221 369.65363748554273 1.1526212431160834 -8.137640676010449 
0 1 58769.15286007579 375.6567271357013 0.27823677469058405 2.031778868947754 
0 2 58769.28855699398 374.3015311984699 0.11936631856723103 5.391142985986676 
0 3 58843.75493937626 418.4740440774792 0.17223517635202656 -10.312864121839937 
0 4 58843.92177528474 422.5402684200342 0.5453712878942268 -8.178728941578584 
0 5 58844.0677436926 427.2276260848388 0.18836620387316338 -6.494307067834654 
0 6 58844.74869752928 443.7603411959551 1.9364160300077071 -3.644695840509314 
0 7 58844.9154986378 475.6522012470746 0.28276673930100715 -5.71910140038284 
0 16 58847.89402717054 467.3672674093526 0.7300125626352253 -15.13668268494348 
0 17 58848.05274944334 497.5919586515598 0.16516648473176604 -2.3434653913022316 
0 18 58848.71123766474 441.5681652727861 0.4262646193957331 1.2561374959068417 
0 19 58848.87806153111 433.97925940060657 0.2672084367507469 -0.4186847220602772 
0 20 58849.04257062302 429.12372826585835 0.2408725702517667 4.2350753840922835 
