4 0 58768.98601657221 553.5948422779621 0.5273939530596924 -5.610418372794584 
4 1 58769.15286007579 560.9268859294091 0.39676714944777874 -8.5351933763219 
4 2 58769.28855699398 568.8303599530411 1.1988941093987229 -17.379044304049785 
4 3 58843.75493937626 592.5446673914771 1.1258823766654646 -14.6066431048215 
4 4 58843.92177528474 598.1374098216074 0.6804577676008323 -26.901114076073213 
4 5 58844.0677436926 606.2539619646353 0.41830840356980803 -23.41548444797877 
4 6 58844.74869752928 667.5783807966409 0.22742165296965444 -15.907024153875227 
4 7 58844.9154986378 688.6361660911773 0.8645946484870685 -13.858545154321405 
4 8 58845.068411054206 703.2599873760333 0.32531497042064633 -20.464981410214705 
4 9 58845.704620737706 770.9678193970456 2.272850431546153 -19.00822815617471 
4 9 58845.704620737706 769.9930230312164 0.3705503218022922 -24.00652890066283 
4 10 58845.871410054126 788.5534306412854 0.7959984302615618 -26.050369779358334 
4 11 58846.038234146814 793.979054406188 0.19690638430806995 -26.966515924965393 
4 12 58846.73734679694 808.0303470799452 0.28641250892150927 -20.59063968337432 
4 13 58846.904217135365 809.1884004671864 1.5375722781722192 -42.728385115655556 
4 14 58847.05709487762 795.8822500939189 0.392002313190437 -23.88795496985199 
4 15 58847.72726107924 724.4667662843592 0.8519583524383074 -26.248035966505768 
4 16 58847.89402717054 713.5118579014645 0.5612327850072776 -25.74598640834415 
4 17 58848.05274944334 694.5045528155322 0.4055501768570081 -6.079372318714263 
4 18 58848.71123766474 621.5623870930801 0.5175950498652974 -11.188730706831166 
4 19 58848.87806153111 606.5759723385349 1.1668407483008687 -16.955456596310682 
4 20 58849.04257062302 600.0866088945747 0.5016306937311843 1.6657297105388125 
