1 0 58768.98601657221 432.10789449501925 0.0782051741409921 2.749136954888513 
1 1 58769.15286007579 428.2873707118533 0.1135731140308758 3.0434770582803026 
1 2 58769.28855699398 423.8755460894853 0.07947934906180804 8.039888127761458 
1 3 58843.75493937626 490.4347973982139 0.12448359933063126 -11.670009704357085 
1 4 58843.92177528474 487.8294343898174 0.07427232059778485 -8.472388127544662 
1 5 58844.0677436926 485.6078518248299 0.07777851740350443 -10.872627785457325 
1 6 58844.74869752928 487.5914569886859 0.055987931866222765 -3.034079781677576 
1 7 58844.9154986378 492.66009056146095 0.07658750182991027 -3.136830177643958 
1 8 58845.068411054206 496.0284962655015 0.06727129511201671 -7.017793033381395 
1 9 58845.704620737706 521.4091311572992 0.08460032047944278 -9.587749272169503 
1 10 58845.871410054126 529.1416655127377 0.06909661415596154 -3.6439190436918807 
1 11 58846.038234146814 536.7394885131503 0.0650170125795999 -10.141380970369823 
1 12 58846.73734679694 558.4896769116356 0.06454198410899895 -6.335489923043383 
1 13 58846.904217135365 562.8326537715567 0.047811628979839 -15.52070313291415 
1 14 58847.05709487762 563.987136790345 0.13807040664256548 -3.3254292290274634 
1 15 58847.72726107924 557.5663386859717 0.10160536181001902 -13.237368577454049 
1 16 58847.89402717054 553.9765365155956 0.06958991311680465 -12.209734091455061 
1 17 58848.05274944334 548.333799890501 0.0720874577648536 0.17884806346353344 
1 18 58848.71123766474 520.0630944032022 0.06815443577111922 -4.266437833600776 
1 19 58848.87806153111 513.284284008759 0.05274426119776094 -5.2710416391050785 
1 20 58849.04257062302 507.30721733027303 0.08589105556348632 -5.909751353551826 
