0 0 58768.98601657221 248.2104430525892 0.08902826432015122 3.8213283217451988 
0 1 58769.15286007579 250.0100444420922 0.06208661662623397 5.474447927795268 
0 2 58769.28855699398 252.01918865799348 0.09515836905780393 9.911239927194543 
0 3 58843.75493937626 327.60723528318795 0.16094671445781475 -8.948285489954799 
0 4 58843.92177528474 330.0382316043472 0.0591946047361302 -7.64128081594248 
0 5 58844.0677436926 335.2634366542274 0.09020260857210245 -7.777503987702858 
0 6 58844.74869752928 360.9880582583568 0.10607705858980895 -1.4182638886935024 
0 7 58844.9154986378 371.9275278641687 0.1224392426407732 1.1884453122436867 
0 8 58845.068411054206 378.76922784719375 0.05494458971172106 -4.0506643388525845 
0 9 58845.704620737706 407.4665792362964 0.16709252319212106 -4.739852796141179 
0 10 58845.871410054126 414.6734560733734 0.15030351392208852 1.9772606431251916 
0 11 58846.038234146814 420.46837633591883 0.20399584374732727 -5.600131142830776 
0 12 58846.73734679694 420.2045771769556 0.21923424409565087 4.77958077651482 
0 13 58846.904217135365 415.76991943151364 0.09839830683532881 -9.399090353102224 
0 14 58847.05709487762 413.533622192056 0.1652396932835168 4.0448271543424426 
0 15 58847.72726107924 381.60281809732896 0.11458788779932778 -9.217009685408414 
0 16 58847.89402717054 374.9651132318282 0.10013319857534819 -5.866253387896904 
0 17 58848.05274944334 368.7427213012538 0.1585198682130646 7.5170692269134065 
0 18 58848.71123766474 339.5474181657205 0.1222898505141091 2.5738319059741457 
0 19 58848.87806153111 335.70460202217146 0.08484764787253517 -0.07748469869221708 
0 20 58849.04257062302 334.2807971523715 0.14076177128607892 1.7951517459333104 
