3 0 58843.75503196641 721.9786824526168 0.0710783918832602 23.784464517034507 725.1145949391059 0.09137746350677414 24.56976097070401 
3 1 58843.92186787488 719.7098763549034 0.13113089050279036 24.231559614827688 722.236822682828 0.09938578062873561 23.706280068251203 
3 2 58844.06783628273 717.8410038297507 0.07126816447973124 24.045429560149728 722.2095728784182 0.02525632882175115 25.08521338652156 
3 3 58844.74879011938 737.3301939707427 0.9638715914571332 3.748212274942034 749.0476052056183 0.2130401767229701 9.504285307365194 
3 4 58844.915591227895 751.6890634195452 0.44178456522044657 25.330397277270094 765.6875322732428 0.16745888884966678 21.106910151577836 
3 5 58845.068503644296 768.9428615043244 0.12370159945501209 30.610215959913035 773.9331342112714 0.04707314768719015 26.0892480922073 
3 5 58845.068503644296 768.9428615043244 0.12370159945501209 30.610215959913035 773.9331342112714 0.04707314768719015 26.0892480922073 
3 6 58845.70471332777 830.1559839178148 0.11756932491986014 34.51891171995976 834.7787359428378 0.06752834080889003 27.929800850029324 
3 7 58845.87150264418 842.5884903467995 0.6280378994539224 18.314746310725923 853.3182033817244 0.12368654382414111 34.098626304160916 
3 8 58846.03832673687 857.1970146814184 0.803649479655456 32.62209031461248 863.753444407495 0.21355499970176137 20.869030475373393 
3 9 58846.737439386954 888.2159839584326 3.01551592631974 49.702786826001216 905.6126208906833 0.11802608048407731 33.711647582143314 
3 10 58846.904309725374 893.8002354213988 0.25575353880232504 74.36979564192563 891.1371414729197 0.16910929262893085 79.40058636501351 
3 11 58847.057187467624 891.0212127402514 0.14163438995055455 46.48985974131483 893.0220065148244 0.5762024838493248 64.97674654409514 
3 12 58847.72735366922 861.8913158373342 3.303808573377411 55.27502342130947 875.1333948328153 0.14717684051687857 39.391752412926735 
3 13 58847.89411976051 850.5661903107241 0.6979592200872247 48.03062477917695 861.1987659270744 0.5585299167511616 32.951128276473696 
3 14 58848.05284203331 839.4886325650091 0.4847635649720907 10.86090920535446 845.4608799475266 0.12770647928948956 15.994959898293587 
3 15 58848.71133025468 777.0895507922112 0.2040840399408932 23.433176313460194 779.49605579795 0.275175106245644 26.975107494371514 
3 16 58848.87815412104 772.5708021064845 1.2369360540177552 30.88029441348931 768.4798983200318 1.402147429759445 36.303799713266926 
3 17 58849.04266321295 750.7292280402489 0.15193770960973002 28.579183960288333 755.435431852675 0.20179173642873754 29.362490955208045 
