22 0 58843.67245528479 9840.814080941089 9.050726943140175 -182.31315779870783 9927.700371472332 11.461405528342539 -218.1020749543004 
22 1 58843.839291199954 9468.9925642589 498.6537942633372 -144.40074887725314 9468.992563788048 498.6537949745653 -144.40074793554595 
22 2 58844.00609239265 9724.223399482958 174.31776357710325 -278.27450586757004 9697.89119923726 28.376653130557315 -137.61676870870178 
22 3 58844.666213477336 8861.007647067974 3.8402077945192055 63.267841833427156 8861.007647187618 3.8402077905263843 63.267841588982265 
22 4 58844.83301459241 8344.04578680135 3.6349235842141754 85.98328180258613 8344.045786790659 3.6349235858450153 85.98328182328078 
22 5 58844.999815527575 7874.448548709313 9.63653595079255 94.37278563901145 7874.4485486416215 9.636535994186104 94.37278577296547 
22 6 58845.622090428034 5625.677176456038 1.7631587465055012 17.45194106459985 5639.21428066296 1.3827891391223772 44.52614948393875 
22 7 58845.78892604592 5038.62200911658 1.3744424897986018 28.765257084708537 5038.622009115412 1.374442489910225 28.765257087285136 
22 8 58845.95575014503 4581.553787541778 1.402310314343224 8.065959815250608 4581.553787541579 1.402310314363618 8.065959813334302 
22 9 58846.6548628218 2862.947483625532 34.461741690651344 -1.1009433364961296e-09 3575.911752092744 20.97199114575896 -130.57884371261935 
22 10 58846.82168687153 2826.3503710585437 59.54263391656974 -263.181629883145 3666.1751332512326 18.10696917107388 0.0012150892052886775 
22 11 58846.98849941457 3474.6203815311655 23.819092832287332 633.4133753161468 3623.984773386879 20.4649843876418 334.68459160471957 
22 12 58847.6447308462 4229.576136442607 3.543447355104134 -213.22172407863127 4229.576136439624 3.543447354835983 -213.22172407263224 
22 13 58847.811543238655 4971.40530707118 0.8374072836817531 4.762008161072117 4979.179603946697 0.8405466788796596 20.31060191378674 
22 14 58847.97836713873 5445.148953319577 1.1189536423983397 -0.689567885505312 5445.148953319887 1.118953642456044 -0.6895678853261415 
22 15 58848.62875376277 7570.677742582451 7.906973071742736 73.51219648791721 7558.437826360386 7.495711787271932 97.99202885429077 
22 16 58848.79557763518 8145.205172131073 6.68647084991162 26.504904003882984 8145.205172134971 6.686470850523222 26.50490394911867 
22 17 58848.96240148101 8716.838539271197 39.3707250582467 444.33052790540387 8860.427815344552 34.808121663399184 157.15197796988286 
