11 0 58843.75503196641 62.438800608573025 0.05817154331760592 9.031080085554791 63.827826668451394 0.021516781129332654 6.291613690211534 
11 1 58843.92186787488 79.2929673709751 0.006293329476276653 -4.981424684312358 79.2516336085053 0.007019393664439024 -5.0640922092736815 
11 2 58844.06783628273 90.49202498145604 0.01605822960575761 2.5583428263319377 90.49202500611544 0.01605822904458357 2.558342777912827 
11 3 58844.74879011938 149.68713121843606 0.011085187382161904 -6.1501221428262625 149.68713121894982 0.011085187377417273 -6.1501221437621325 
11 4 58844.915591227895 157.47460291007792 0.00784097588037941 -15.01010342553326 157.47460291013283 0.007840975878250755 -15.010103425577796 
11 5 58845.068503644296 175.41576755068138 0.013951080844847433 3.216463679979398 175.3633076216592 0.014112289725252837 3.3213835307242334 
11 6 58845.70471332777 201.96466909650775 0.05248409171472239 2.1371786306069964 201.96466910847363 0.05248409127488993 2.1371786543563474 
11 7 58845.87150264418 207.76636646334225 0.00898210616908034 -9.389232852927904 207.76636632161404 0.008982115436744487 -9.389233136185311 
11 8 58846.03832673687 211.48924174868645 0.016728856824084676 5.0574055439221866 211.48909094856833 0.016736487111506545 5.057707140457012 
11 9 58846.737439386954 177.85078673122763 0.02871477145861338 1.2436875081048413 177.85078673610644 0.028714771592847795 1.2436875121650246 
11 10 58846.904309725374 172.74510352282027 0.0375811409120955 20.88346856462229 172.74510353004018 0.03758114087400668 20.88346855107224 
11 11 58847.057187467624 157.0502433257289 0.043353986203265485 -16.073933887046422 157.05024332603983 0.04335398619418561 -16.07393389187851 
11 12 58847.72735366922 96.90122137929777 0.0036246917512143474 7.5372527984671365 96.93813245680353 0.0039944615194347916 7.463430643461123 
11 13 58847.89411976051 79.18084582573448 0.004936966209079696 -1.5627451167008104 79.81024528056923 0.00487680362138567 -2.6578542960528893 
11 14 58848.05284203331 70.08693924579794 0.004749977460005505 -10.273779817581229 70.43658408687224 0.009337817647856657 -9.886518080140647 
11 15 58848.71133025468 46.26140149535914 0.005065352247384712 -6.165297751327564 46.478784840473544 0.002709348930223787 -6.600064441571718 
11 16 58848.87815412104 44.08163605265602 0.0036769002010803332 -2.170496261147612 44.36821109350083 0.00597072600472915 -2.2274049584033335 
11 17 58849.04266321295 47.706358123952725 0.010786718655564385 0.24369577986389146 49.83029801739714 0.00750312560417496 2.641242058183906 
