5 0 58843.75503196641 593.9062145062435 0.10884756123128429 22.825335386678603 602.4325417324037 0.12132524822401941 17.088080967663927 
5 1 58843.92186787488 598.1680774083306 0.09224733053472457 30.20362154139798 596.8703806238436 0.19047466257427909 38.79956391661585 
5 2 58844.06783628273 606.5796023400587 0.10341899250816791 28.461275287223884 609.3786789968013 0.25375184648181803 25.204214246897664 
5 3 58844.74879011938 669.576129451101 0.0555482809934249 12.133255932812062 666.0406645810255 0.08901360839997463 12.640964040605013 
5 4 58844.915591227895 692.628286155759 1.8366030383965253 12.25849077363398 682.5238386289772 0.28217604049126604 4.991401536841295 
5 5 58845.068503644296 705.5927869319517 0.0838080356991994 27.710789236333653 699.7825327124104 0.09216063602535993 25.83044619858947 
5 6 58845.70471332777 768.4876714948666 0.1076565052287936 25.4239889147226 761.8268103722237 0.22663755266734836 28.73541999179315 
5 7 58845.87150264418 787.7348494656433 0.2599325944115491 31.041258083160642 780.2067845786831 0.0707234990808336 25.515838949849012 
5 8 58846.03832673687 795.7668561680771 0.10429971489504329 27.823707834647166 792.1863449051472 0.05349320657760299 27.6061462875291 
5 9 58846.737439386954 810.1359323417446 0.07282887137765491 26.78182150953944 809.6371938812463 0.12668794030648506 23.051821292801947 
5 10 58846.904309725374 810.5397006351395 3.600912922736032 34.01788829107147 787.3918526556188 0.4291337636947691 53.34275774940727 
5 11 58847.057187467624 795.4953385724073 0.22684004214921843 19.978866071465177 794.9020483779166 0.20356047984810643 14.313281498964443 
5 12 58847.72735366922 730.8671654496625 0.08221522538011877 35.556657857403934 729.2750013070267 0.17791972868423167 31.2841612299776 
5 13 58847.89411976051 710.8413851865465 0.8204907464585833 22.833462671173493 718.0496172901351 0.17060450922351633 25.982058450927866 
5 14 58848.05284203331 694.1985538495719 0.08654683601670507 4.181919849035239 693.4344588880812 0.19483537799234737 2.858060270661099 
5 15 58848.71133025468 624.7872614256933 0.13845912328860607 8.034850003396173 631.396160444074 0.10079329500571794 5.083281845684837 
5 16 58848.87815412104 609.1787396982379 0.7720971967514573 24.299086253625887 620.1489194957385 0.08442468527623716 14.26349687207005 
5 17 58849.04266321295 599.6659485561219 0.3538169288165844 -2.7931979214270086 610.1147387324183 0.03608243285251234 3.574807275230114 
