4 0 58843.75503196641 682.2542634330118 0.08184417162134172 25.131477759232098 679.0431241404526 0.05157090919798086 23.446636130276033 
4 1 58843.92186787488 683.4400079858465 0.12693020370490293 23.59631032948812 673.088577719792 0.3820146621714276 35.3051182629348 
4 2 58844.06783628273 690.8296443100069 0.06910129840004826 15.668126126275865 685.2294860689185 0.15417271087655093 15.713919360894806 
4 3 58844.74879011938 735.9075230957496 0.8177174632742801 1.7292253671536173 749.972448966163 0.21958547267268028 9.843529627251087 
4 4 58844.915591227895 750.0342578549355 0.42219995601149957 26.344369566374212 766.1444528189264 0.16564213855072607 21.85716868923714 
4 5 58845.068503644296 769.207333569492 0.08902197468051064 31.515360798436177 773.8774805853152 0.04828245755939586 26.518801820093017 
4 6 58845.70471332777 870.1614311339554 0.9664865715844797 15.095704945387752 878.5998101902528 0.05657733730214353 28.024076628469288 
4 7 58845.87150264418 895.0253752585681 0.8950038389756886 41.47544084164474 901.9047143397252 0.24138117012701651 27.658864075101974 
4 8 58846.03832673687 910.6322019050574 1.0510589489175497 29.202648349094943 928.9509594174268 0.15079410060430468 54.58635286700837 
4 9 58846.737439386954 942.7103021312832 1.5770543380960416 47.334878712817385 957.2400192687826 0.2225808722686571 37.7997166614565 
4 10 58846.904309725374 932.0864387393616 2.2689463246798938 57.45127060922778 942.0744617894072 0.4578756931731403 35.62013917935326 
4 11 58847.057187467624 956.4810151738875 0.1605235450301081 31.67747075868772 957.9085643860169 0.16057390092575377 34.37103372682816 
4 12 58847.72735366922 871.2660332126477 0.13309427162915546 39.62999941981775 875.0990609687021 0.10772356659665916 39.601662096035966 
4 13 58847.89411976051 849.2334533513703 0.2876313934707004 50.82244966161852 860.7243699966641 0.4038972625852154 35.38784816633404 
4 14 58848.05284203331 798.6141367468531 0.2718277417147934 17.92022783673292 789.4335229125197 0.0941899446967503 6.465341828121495 
4 15 58848.71133025468 736.252415722452 1.2587940687357757 35.61288577712526 723.6926911025901 0.4138605143591866 27.2595090804615 
4 16 58848.87815412104 726.2795858285136 9.404535031947182 9.805066867989353 713.2057594885973 0.11998146215363382 22.651001640102436 
4 17 58849.04266321295 715.4593620684702 2.942489061341643 16.068104745686583 698.6353304350604 0.16254492917430696 11.634847026261468 
