1 0 58843.75503196641 1011.145327256045 0.10322962526985668 35.30148215359759 1015.2587181863867 0.06831458801357815 35.179305922576646 
1 1 58843.92186787488 986.1139177947177 4.055165049514949 49.225722546297106 998.3578129478853 0.11814414101741452 42.27278445304103 
1 2 58844.06783628273 972.6588260232575 1.2464331175334231 37.512317079303216 985.0785174931204 0.2043639866607589 38.54720694100786 
1 3 58844.74879011938 987.6401701956922 0.23063176528897777 26.71169954075367 992.806105892312 0.2010839687224197 34.700593996134444 
1 4 58844.915591227895 999.3872759358946 0.44344510422603695 30.48019622554341 1009.6826067515153 0.2275768739368975 39.36732808359227 
1 5 58845.068503644296 1013.1493335361297 0.6144738396972362 58.657984272024464 1025.0276989582314 0.20538447402476406 53.32227092607002 
1 6 58845.70471332777 1100.6320519909323 0.14448131433294956 51.744601410016685 1110.5139996097278 0.11792158987273273 52.98442367858547 
1 7 58845.87150264418 1116.8885370083776 1.413437936560434 59.79667624917124 1134.4600306379753 0.30951419920056317 47.0723386010518 
1 8 58846.03832673687 1142.176757121641 12.523401565751824 71.28325503400879 1158.4365320783422 0.16850514531432667 51.298863667341266 
1 9 58846.737439386954 1219.213417645116 34.080822849707836 65.31948631993919 1230.5189952968158 0.18761676717652825 51.1490982797161 
1 10 58846.904309725374 1232.3125703220098 0.248443906883026 65.51836071597495 1236.2888285196436 0.17884115930782754 66.94428070478011 
1 11 58847.057187467624 1230.7150922150267 0.9900942137388351 43.41409105642333 1235.0603004878053 0.4414057403322985 34.723674507506075 
1 12 58847.72735366922 1216.051239454711 2.5878123262556154 49.12355498747638 1229.0804517454244 0.12412688854462109 58.270510271694775 
1 13 58847.89411976051 1206.98506612979 0.34095842606550836 68.978413669774 1213.4485795722628 0.1886130528005307 62.497223544878125 
1 14 58848.05284203331 1200.541704721978 0.20062516692612845 20.481173258502167 1202.323882091795 0.19070655087482358 24.04552799816247 
1 15 58848.71133025468 1115.524417334022 0.12267506612229874 26.291032328561414 1121.6552430031284 0.10496097988698601 28.635963330415052 
1 16 58848.87815412104 1095.2677519087138 0.22342425534571908 35.41384803949222 1102.8131555896339 0.11380581142916048 32.384514800985926 
1 17 58849.04266321295 1070.402285202616 0.23041940589560422 34.26483773072664 1074.7688470861412 0.24287372182602596 30.78194943941503 
