12 0 58843.75503196641 133.64837050940423 0.0087721739939372 7.06451817184103 133.45394360902037 0.00886737245679783 6.675664321300843 
12 1 58843.92186787488 136.82327229980805 0.022236439714586494 4.6151647013425645 136.73934836194385 0.021089221764900246 4.467154352357795 
12 2 58844.06783628273 154.49782226571563 0.013394222113685243 4.311318653046072 154.0663897508516 0.014244629765436691 5.174183747877038 
12 3 58844.74879011938 210.13704592328958 0.0183897253930749 5.414587159163233 210.13704587197623 0.018389717486663043 5.414587054154708 
12 4 58844.915591227895 239.35932403729504 0.01007941843523085 -10.445488881045009 239.1144190978066 0.011620870610365075 -10.935298804840698 
12 5 58845.068503644296 247.65070224614055 0.015983040592912057 2.049115421597776 247.65174050897332 0.01614004636364547 2.051191947305057 
12 6 58845.70471332777 258.75700965406895 0.03871476331583443 -3.804023862361589 258.7570096539978 0.038714763317482755 -3.8040238623735263 
12 7 58845.87150264418 261.04373694100457 0.012681231324399689 -16.2819691227468 261.04373693843377 0.012681231377568696 -16.281969117526273 
12 8 58846.03832673687 263.157733550309 0.034163504721662 -0.5419217702786341 263.1577335505008 0.034163504913922664 -0.5419217707740813 
12 9 58846.737439386954 257.9823521034168 0.02060385274292649 -11.941690298929387 256.7657214638518 0.04224921999322055 -9.50842901328545 
12 10 58846.904309725374 244.81655213765742 0.04286253242076294 9.870051088353051 243.13201230392465 0.029044134072933638 13.239130756008933 
12 11 58847.057187467624 247.7672804299394 0.01982684175300079 -10.091072327892505 247.1131947617069 0.009673988919854139 -11.40433381356678 
12 12 58847.72735366922 188.89045976860513 0.02670637736363749 7.272907682597804 188.89045980692515 0.026706377869128026 7.272907605715346 
12 13 58847.89411976051 169.27845615543043 0.010632696744565889 -4.210887426160042 169.27845765830264 0.010634855732028206 -4.210890431886639 
12 14 58848.05284203331 162.19761449737186 0.20294260357728505 -11.53049891273821 153.09701185695036 0.24377657822832766 -12.86957789967542 
12 15 58848.71133025468 126.71106263738261 0.016615466900707265 -11.660365521671338 127.32432661608779 0.010340284572696942 -10.433837564257686 
12 16 58848.87815412104 125.48414728597206 0.008979095190470947 -6.438950646566056 126.17498721399531 0.009595813848675366 -5.454995521310124 
12 17 58849.04266321295 125.22049429793647 0.00837138615864157 -9.129592360225473 125.25245404513205 0.008141314279340593 -9.065672865979664 
