16 0 58843.75503196641 2584.42846603856 1.3785273005985172 162.9834622167714 2610.7533664376842 0.9779971001869537 165.34877731630922 
16 1 58843.92186787488 2596.013116403067 0.9566561019556277 -13.288803778796591 2605.491697805606 1.2217180967653547 -32.24596658520659 
16 2 58844.06783628273 2590.914178496513 1.1045232505595337 -35.07841210585457 2591.8833382814237 1.0802511505608734 -37.016731677601 
16 3 58844.74879011938 3036.0893639298456 1.4940003651010378 87.15227197289914 3040.4770935981205 4.094323148030592 132.98236478614353 
16 4 58844.915591227895 3132.977856140341 1.3409040187141181 -34.728541767151455 3130.6988289672463 0.9894794352755797 -49.6708752562231 
16 5 58845.068503644296 3230.2964704846936 1.4887467258788492 153.09511109794403 3240.037473779049 1.1327705634983314 151.98695682712787 
16 6 58845.70471332777 3656.1542793249987 4.117069475147929 65.95084298479469 3685.09522819275 8.766861280966703 16.060476908148303 
16 7 58845.87150264418 3739.4082334476184 0.7085280027363171 74.74376649788155 3769.503236187149 2.8415313613389976 100.77707148835043 
16 8 58846.03832673687 3767.546902062489 1.235706238257661 91.53249587270693 3782.2297567694054 1.3651734601375358 120.89820528614655 
16 9 58846.737439386954 3790.5884594418612 0.889158765748053 6.17082114214827 3790.7959328021907 1.6981184756547714 -5.75372193627436 
16 10 58846.904309725374 3787.8756227720673 6.331615795359562 23.581164840572455 3821.4654692380354 1.1273718860762731 15.245528739465044 
16 11 58847.057187467624 3700.504768633297 14.858078853798597 173.31919657427625 3692.479910886619 0.9294089314058908 159.27054859385134 
16 12 58847.72735366922 3382.619154479445 13.333093557254838 236.48894899591414 3466.571275178724 5.786787249673441 70.81606555357075 
16 13 58847.89411976051 3307.777784603222 27.09551257408553 104.31474405316658 3310.038657654514 40.227840302152465 108.83649016271556 
16 14 58848.05284203331 3187.406601043237 7.811772797105343 118.34525197153289 3233.986661545549 0.7612242855192992 12.62053852898589 
16 15 58848.71133025468 2792.9118571979134 7.541249810712513 -14.364492443879044 2809.4011033129573 14.676696023538765 -47.34298467396593 
16 16 58848.87815412104 2710.93860628979 0.7725064636713701 100.62017830843115 2725.061417490869 0.7636659107456611 106.88814249574443 
16 17 58849.04266321295 2628.817970011023 0.3871839720195976 72.93821524275472 2642.8052338502976 0.5696532321115649 86.54038716199238 
