20 0 58843.75503196641 6792.65795948966 15.277900942354108 243.04018821928003 6896.268362749421 12.89524874832323 243.27824759800114 
20 1 58843.92186787488 6577.281057919619 2357.2605708219944 700.5242081621182 6917.8271097154975 3.8218682823940653 19.432104568525574 
20 2 58844.06783628273 6795.01346076122 1.7379238894493658 -249.19014439938383 6795.535231882375 159.00982910877335 -248.14661626259567 
20 3 58844.74879011938 7016.608770111637 3.805390925371783 34.39627448099782 7004.128068974236 3.4441699350389845 59.35767675946772 
20 4 58844.915591227895 7175.717133769042 7.156784385656189 247.08415890606375 7176.3833285443325 7.209684017979996 245.75176932817612 
20 5 58845.068503644296 7393.956473671853 1.9558475185653905 25.214310118540197 7458.76554952563 2.853109421818928 107.35276479056665 
20 6 58845.70471332777 7962.209407937173 16.21235156874668 62.58283854731326 8061.700228979696 13.588670321487452 235.52040222327196 
20 7 58845.87150264418 8320.65946686277 7.299180816295596 239.55602710450512 8386.454879545632 10.527015257905802 371.146852452026 
20 8 58846.03832673687 8549.59814844703 150.50421656263154 26.971839214776992 8475.74517316501 4.520624845051425 174.67778977204034 
20 9 58846.737439386954 8962.340987546579 11.432043959664249 138.1875983838254 8962.340988420976 11.432043910884282 138.1876000745233 
20 10 58846.904309725374 8907.493408506714 10.5033439531314 329.30794630938544 9121.251298644462 41.24991267606534 742.4499205600805 
20 11 58847.057187467624 8772.708879902546 58.48993450741307 263.5294965033572 9144.328695661068 200.06727555449768 -479.7101350154062 
20 12 58847.72735366922 8237.903621316196 11.054716463343366 22.764124804811217 8297.261171051761 8.969349683576192 112.28465647281337 
20 13 58847.89411976051 7984.682523979758 24.83819310914158 -44.349321818431235 8024.944373697213 27.739450732032935 12.507831566551431 
20 14 58848.05284203331 8488.28672158849 6.449762228579994 116.75588527201944 8498.71208933049 6.467148348072007 102.75918952633583 
20 15 58848.71133025468 7627.042209345125 28.396612255744987 -259.37203542293355 7654.308587213702 16.55897672224992 -207.7115315098672 
20 16 58848.87815412104 6829.047225534284 9.971380223326603 107.81307217465474 6841.509803080168 9.52044170182249 132.7382271915867 
20 17 58849.04266321295 6849.879528303876 117.37868943150606 -32.865358924651446 6921.857739866318 117.04689951849207 365.87057802776235 
