19 0 58843.75503196641 3743.708119178131 1.0079953948732232 153.11720737387623 3743.708119178178 1.0079953948588902 153.1172073742796 
19 1 58843.92186787488 3745.163216465752 0.9207773468351343 14.673186059548698 3747.7886216420957 0.9456477509575141 9.422375706418734 
19 2 58844.06783628273 3802.5031633452736 3.482935618300133 130.87373939589588 3804.834929776108 3.5413664048936253 135.5372722487 
19 3 58844.74879011938 4191.515229468059 2.2626133789647858 12.799319578222821 4191.515229466717 2.262613379004946 12.799319579765324 
19 4 58844.915591227895 4293.342567789627 4.167304756736535 41.63540387206922 4293.342567788577 4.167304757221965 41.63540386817658 
19 5 58845.068503644296 4397.53216275548 1.9616873408480169 81.0271960499831 4397.6359430902685 1.9886979138429663 81.23475672017867 
19 6 58845.70471332777 4915.425846076978 6.678853224644941 61.848258175782576 4914.442208931056 6.828130549122273 63.815532472903215 
19 7 58845.87150264418 5031.418986304705 1.216925706297991 19.461605044069074 5031.418986304596 1.2169257063018948 19.46160504412819 
19 8 58846.03832673687 5047.288421470061 232.4469392350359 232.83753990136483 5101.3500251073965 11.505755729929094 124.71433262669325 
19 9 58846.737439386954 5210.317509149609 1.6998654176420245 9.446402895802748 5210.317509148863 1.699865417697708 9.446402894508537 
19 10 58846.904309725374 5065.589902342027 32.81713578045537 164.8286394057195 5065.6878752751345 32.81098803999746 164.63269132085497 
19 11 58847.057187467624 5083.803289774444 1.9447620476812149 260.7439345037528 5083.803289774201 1.9447620476509868 260.74393450318894 
19 12 58847.72735366922 4621.362907096516 1.9146317944637221 50.05465650113183 4624.994454743519 1.3338443737707555 57.31775179466422 
19 13 58847.89411976051 4429.424883095688 2.8998179141532683 158.59803705371723 4462.2733649743 4.694085824333464 99.4063294160469 
19 14 58848.05284203331 4332.197891068921 3.5928135394517695 -122.5729369998835 4353.001965173084 4.611411120326747 -80.64685079357969 
19 15 58848.71133025468 3913.7560712922364 1.922875108282048 -91.69448378350171 3922.336088637084 2.4558155571631977 -74.53444909365408 
19 16 58848.87815412104 3787.4739148386147 2.059637722621868 -201.84901340991019 3787.4739148394947 2.059637722510042 -201.8490134130625 
19 17 58849.04266321295 3690.527978799142 10.383115891793793 -165.89791697213332 3805.905389391248 6.4277570243204325 59.005906404754114 
