2 0 58843.75503196641 758.9610867866286 2.749846430888398 44.917394061127766 778.3086491539698 0.2691830447517805 45.79085976722308 
2 1 58843.92186787488 771.1363655921996 0.14366619794293292 30.19704176564801 782.1161309080292 0.15728996077288376 35.12865811342965 
2 2 58844.06783628273 776.5921913916395 0.3868363410168264 35.83433584738316 791.6953639513653 0.472291313894058 18.240700060705876 
2 3 58844.74879011938 846.3370568608636 0.11326903868779997 25.81395336583705 848.7423700618524 0.09112436578811399 23.344371658100727 
2 4 58844.915591227895 865.7443122719958 0.16718135460555522 31.131688522595596 869.0057254717171 0.28336677327243787 25.635296774698986 
2 5 58845.068503644296 887.5534647146596 0.11553399176252535 45.25258144440545 895.6682219216854 0.29789358487474726 31.62724712779891 
2 6 58845.70471332777 972.5888421708007 0.13492500984129263 43.563940848938614 975.8063700836076 0.293741350362326 30.117344945209084 
2 7 58845.87150264418 993.220599952547 0.07695201805981404 38.50779373932926 993.7027998589667 0.1515635743063355 35.79739895807961 
2 8 58846.03832673687 1010.3758142073098 0.1746528179639055 44.123688281620275 1009.6955975691199 0.2021001889871079 40.92969144626193 
2 9 58846.737439386954 1044.385035497813 0.11241032812751134 47.78415693958891 1043.1825012614963 0.18556627879174503 45.02187565082727 
2 10 58846.904309725374 1043.9564474636604 0.09524434699781148 54.67259768458439 1043.1836870263255 0.14588638099641113 50.02383786783071 
2 11 58847.057187467624 1036.7564245867513 0.12625279282019528 35.2456297487314 1034.4814082655644 0.14532500209564594 32.189930695680346 
2 12 58847.72735366922 969.3356864405297 0.15689259271491554 45.17582238341333 974.3420299517584 0.14244588275736156 47.68485030356521 
2 13 58847.89411976051 946.6952928784691 0.16385592482888967 59.02371976142308 950.8331744332199 0.1940818686201579 58.860288527352964 
2 14 58848.05284203331 913.5608807480969 0.06739821495312164 17.01501292767898 919.9667594649779 0.11206039349315282 17.852225646573743 
2 15 58848.71133025468 819.6802388135119 0.38941032221939564 23.493954661136513 825.5161220918362 0.14893995901361132 19.701796257105343 
2 16 58848.87815412104 795.5338984853507 0.3469602229431124 17.84905998446584 811.8022486182138 0.20440414706947804 31.71674889973326 
2 17 58849.04266321295 787.3976486603373 11.41941729840093 30.776706167051316 798.587479351603 0.3468674735188572 30.089937353745768 
