13 0 58843.67245528479 1766.6467923524733 0.3059413682743751 90.47166910580086 1769.4820069741781 0.26635695324669995 80.43673085171281 
13 1 58843.839291199954 1765.1510909615558 0.18694614380492214 72.46726928257272 1764.65016514005 0.1799993339343844 67.17486118753982 
13 2 58844.00609239265 1769.4872047002902 1.2620972396514332 96.99282280110447 1775.9088615707383 0.829223586775504 83.58916236891173 
13 3 58844.666213477336 1905.5175890270743 0.5219096884397862 55.44239190516896 1906.3748611460119 0.49328032309351166 57.15693614314546 
13 4 58844.83301459241 2031.644381060058 0.353555170844954 -101.72764411039225 2039.7158912615919 0.4356040092758942 -100.78524318107634 
13 5 58844.999815527575 1999.767583915899 0.5244390632764883 70.31186706047674 2006.1086273504566 0.45641319445374307 79.83746085216558 
13 6 58845.622090428034 2212.1668547413665 0.4553001868352794 98.00634681850488 2217.7848164446523 0.353958136671202 98.76662382128188 
13 7 58845.78892604592 2270.443388509222 0.22563146456592087 87.71280126334977 2273.423797937444 0.19948507143959943 81.73670973967455 
13 8 58845.95575014503 2297.1136421104698 0.6328670594043168 133.21187846207522 2294.7039155367966 0.9578086362860223 143.28949863235857 
13 9 58846.6548628218 2403.9825423818393 0.34516502118103815 80.8569393841999 2406.6456818589004 0.295355625897407 74.52885955530382 
13 10 58846.82168687153 2492.35151085199 1.8349476074830267 -58.58288368631929 2498.5841697412766 0.3866023094386443 -47.75276347275212 
13 11 58846.98849941457 2377.553752706556 0.47334937033920726 71.80525599528437 2379.458436171722 0.47856904510408105 75.61462292553824 
13 12 58847.6447308462 2226.5999468492814 0.4991927240807604 121.61297078115604 2223.488362000895 0.6544335345738795 128.11769700039304 
13 13 58847.811543238655 2177.1345727272765 1.3668648029274213 84.95988898818041 2190.703731350333 0.32199553120239316 106.67571096686879 
13 14 58847.97836713873 2116.247680504421 0.44389393216542405 43.3455164615234 2124.2583786455516 0.3917274283412888 58.217060683294676 
13 15 58848.62875376277 1905.880476937035 1.191798433519891 41.372946503455296 1917.3585389896552 0.4575785655966206 48.254226692389466 
13 16 58848.79557763518 1872.6109421600188 0.28252634409061234 71.25657911371309 1878.1847398869645 0.2532532810049891 77.07140061157588 
13 17 58848.96240148101 1829.6971802787698 0.9329799710536625 81.67542820024232 1829.7645110347312 0.9322797392322284 81.8100897119516 
