24 0 58843.75503196641 416.9980986076695 0.09223977112392052 9.02668017832491 412.9272535778358 0.09402214507598704 11.092797459030464 
24 1 58843.92186787488 420.5361294619385 0.18016271497754358 10.413999083562544 406.09156162513926 1.8517086562458023 -0.06830879726760486 
24 2 58844.06783628273 425.72634506915483 0.17375327704092772 5.338332746818935 425.6829808524848 0.19992195360655166 5.251604313607629 
24 3 58844.74879011938 436.96200369001167 0.10688440269866228 -0.29927155841818376 436.9619112010027 0.10687750666226707 -0.2994565360705792 
24 4 58844.915591227895 450.97873406920735 0.07371790446560664 3.0550737123568865 450.6801920692585 0.06070581643151579 2.6710628129001748 
24 5 58845.068503644296 478.77904338568527 0.8616906512813804 6.369939971361646 478.77904338568527 0.5960114305156398 6.369939971361646 
24 6 58845.70471332777 506.61507438242006 0.3843853425719832 6.369271001606137 506.61507438242006 0.396621420618574 6.369271001606137 
24 7 58845.87150264418 517.0703868438918 0.7436208128858676 -2.0196643870798425 517.0703868438922 0.742528392618005 -2.0196643870790467 
24 8 58846.03832673687 525.3324155241838 0.3351833203238446 6.250772995274929 525.3324155237506 0.3351833202919514 6.250772994299268 
24 9 58846.737439386954 537.2705866123796 117.52139921544399 11.607255773107909 537.2705866123788 117.52141093425857 11.607255773109387 
24 10 58846.904309725374 541.2942515334767 0.6395342068285544 13.147562804059362 541.2942515335944 0.6409110447848497 13.147562803823917 
24 11 58847.057187467624 539.9654772536358 90.04553599827643 1.059245708955359 535.1141363348236 0.04414544834669309 -7.514364678621519 
24 12 58847.72735366922 472.36410932588774 1.8112542405129044 33.542187096169926 472.3641093237017 1.8112542418235553 33.54218710051987 
24 13 58847.89411976051 467.8136697362917 0.36716469796683787 20.136568504177433 466.8031704356666 0.12919427273085807 18.456246627014366 
24 14 58848.05284203331 468.2089332947794 4.7709126701025015 -14.305978248138501 461.96003890955177 0.1806456228938657 -4.02905114332566 
24 15 58848.71133025468 442.76631617246863 0.22896576035418817 1.0924035641298815 440.1280169128188 0.22936331075802674 -4.096527297698287 
24 16 58848.87815412104 422.9946477233198 2.03545844771607 2.2966888169041795 418.73613815781374 1.7505166285345541 -9.675494885856438 
24 17 58849.04266321295 429.1392424940912 0.1403549658295245 -3.3941464098245433 427.9966871456345 0.15093699109809125 -4.346741141654377 
