15 0 58843.75503196641 1269.3171443089095 1.0436796054650739 59.35426162107228 1309.7141567666802 0.783225650896981 56.51819513410601 
15 1 58843.92186787488 1313.4762472835516 0.4166613041184417 14.074297716810634 1321.3078565613157 0.19889330347159645 12.471759763658156 
15 2 58844.06783628273 1322.9789482654755 1.2867668100546745 10.153959219018589 1331.3298226542397 0.5314374359776466 19.706360668717707 
15 3 58844.74879011938 1532.5395825608284 0.36973574569167444 66.31041334599945 1541.451937348796 0.23766780491747047 61.45405135161195 
15 4 58844.915591227895 1587.6214680226838 0.3584514606241966 37.537849822822864 1588.741753821172 0.3381809017162468 35.76711177323455 
15 5 58845.068503644296 1639.693761968707 0.38874106915984186 84.11493552842967 1641.3646231427633 0.3268611658386739 86.25950287797673 
15 6 58845.70471332777 1784.8095935619335 2.4016702398042513 80.5142432504042 1778.7229878320536 1.547474588697014 40.53138034469862 
15 7 58845.87150264418 1813.2137806390228 0.6022365399992896 85.51554589800344 1807.7738859052922 3.3408093054606622 129.81461180714814 
15 8 58846.03832673687 1847.4353452776045 0.3897147043536651 85.76842978317245 1842.2571804969848 0.47268970968856655 106.11176579871562 
15 9 58846.737439386954 1835.5081995652567 0.61592335749538 36.04732797188694 1846.3058581765317 2.729600433398395 10.895819727046046 
15 10 58846.904309725374 1814.6022236927815 49.92439227686749 130.6248850491172 1887.1873252984728 2.084491736636482 108.13952784951948 
15 11 58847.057187467624 1835.7116041117197 2.927813538658425 21.094035316663167 1840.1193378929463 2.246228812871071 12.278567754210144 
15 12 58847.72735366922 1610.914388767151 0.5114456416106778 -10.411027697305144 1615.8080359055116 0.27160441375406114 -2.982210508063872 
15 13 58847.89411976051 1569.5070192905355 2.9629517414707562 28.663439376612587 1574.2170059251534 5.365748393837823 19.243466107376207 
15 14 58848.05284203331 1484.4239142985114 5.079026487475367 55.25705571402568 1558.230585585327 5.059241957761798 85.42514363700661 
15 15 58848.71133025468 1321.5206912085569 0.26717940397568707 43.56264326463884 1361.1071226031245 7.144936490345293 20.322941390152437 
15 16 58848.87815412104 1306.1280101369516 0.21515618908915662 50.598404793507825 1312.2018195596931 0.29477350517873463 39.92801709028663 
15 17 58849.04266321295 1287.295903733323 0.7780812394414417 25.335812909871265 1307.3716780368884 0.3116600006166197 -0.996675933147344 
