21 0 58843.75503196641 24611.097496186238 47.166216887333086 -227.0580860455084 26193.055878860418 17.177056627184253 3964.0088745932408 
21 1 58843.92186787488 23736.96882183529 2.1127230032911084e-10 140.6044899581393 23710.68753260916 3.560305524345302e-10 -456.69342463373323 
21 2 58844.06783628273 25012.801788455225 45.56600365013442 204.47033697780353 26723.863682865718 3.2475154372447994e-10 4278.467946795867 
21 3 58844.74879011938 25153.2141062704 54.140374784559754 1256.3268466183217 25576.375605878435 29.89558832430875 2102.6498553419915 
21 4 58844.915591227895 24955.994469907593 98.7212219551431 393.98655057530414 27237.00768968199 1.0539479847178515e-09 -3579.628882712892 
21 5 58845.068503644296 23083.316399254363 9.508016636750065e-10 7.858398021198809e-08 25658.441739046782 9.299912799636384e-10 4139.358267520256 
21 6 58845.70471332777 30101.010294143438 8.839542237685714e-10 3947.339512529208 30647.70421110056 26.956339175832948 2853.9516786149616 
21 7 58845.87150264418 29218.79089415794 168.0339770200311 995.8156751814313 30050.094704958887 77.6001374395589 2045.6670669412451 
21 8 58846.03832673687 25883.86745616344 8.349509226687497e-10 641.3322816750842 25883.86860778372 7.631489983672371e-10 641.3299784345254 
21 9 58846.737439386954 28558.47208712804 46.41667117588351 -370.41583856996294 28746.1838419138 45.74331061937903 -379.1946834401424 
21 10 58846.904309725374 28895.351624500872 69.609625916792 29.81414119172041 29162.907978614516 33.32066787091285 -292.25403044615086 
21 11 58847.057187467624 29819.879023403988 5.470758138126405e-10 1086.375798733061 30410.167700781196 51.93431681906625 1278.9397328521227 
21 12 58847.72735366922 27913.166186253264 23.982862224196598 -317.4569642538372 27996.000948335568 25.38116862846671 -483.1264884796474 
21 13 58847.89411976051 29416.361521510793 1.1024287060804236e-09 4905.139647325985 29416.36149866299 1.1024287135287994e-09 4905.139601630384 
21 14 58848.05284203331 26956.143903405784 3.1824951440757964e-09 -684.2434114147436 27533.19254409241 2.1180377310525318e-09 469.85386995850786 
21 15 58848.71133025468 26614.670563640575 1.3131928003943642e-10 537.9603563858582 29653.777588312623 2.5281476851566127e-09 1423.7300703629262 
21 16 58848.87815412104 26472.818255317674 85.39638815662886 -1308.818299061084 26197.890496709224 65.45645577800803 -1338.2171183790742 
21 17 58849.04266321295 23955.65612714804 21.519939346132 -549.5541213369215 24185.78900805386 24.183585616841796 -486.529253592671 
