14 0 58843.67245528479 1542.601842348236 50.504719512506064 119.81078371850185 1573.256713572971 0.21165971656395086 162.32560100478054 
14 1 58843.839291199954 1490.0899287553623 0.4555545834640696 90.73901130968716 1505.3377240527311 0.3361557674238387 97.85797478361201 
14 2 58844.00609239265 1509.988904844503 1.5302285587586046 91.74840635747 1557.9868244032627 1.0113110891924875 79.41449911817085 
14 3 58844.666213477336 1658.0975495294665 0.22207805961551652 60.587424321771095 1665.9482504828543 0.1500646564704111 54.72875008695087 
14 4 58844.83301459241 1698.1729940779283 0.6068808628824048 74.95543144731164 1720.1402935127956 0.4697465696553244 69.29478149652277 
14 5 58844.999815527575 1752.8944836581697 0.4024675236532466 111.95585917500011 1761.8553699046083 0.44568711195028954 94.23624973645997 
14 6 58845.622090428034 1904.5542324910095 1.1774210836217387 150.0845751307097 1933.3267383080592 0.5786242642486171 132.49059445630655 
14 7 58845.78892604592 1930.421986944285 3.509255521308688 173.33048818294606 1974.5524832313022 1.2432672139484882 176.44996869482952 
14 8 58845.95575014503 2033.391523379874 0.7004840223574754 205.98199743621535 2039.908209518433 0.4736227491633064 192.9486251574674 
14 9 58846.6548628218 2054.9815794676556 0.4347461936659785 23.88131081806864 2075.105966857416 1.2717904491403502 59.33385335638923 
14 10 58846.82168687153 2053.6655420638544 1.1240480668567467 128.56994660394184 2065.4829509195447 0.5524824961020206 151.5019270711391 
14 11 58846.98849941457 1995.1983814058792 4.122794467170791 81.07917066747677 2032.4449493093118 1.0354131918186678 89.53904536407981 
14 12 58847.6447308462 1889.2736741347628 0.6629525757093158 124.81522579870443 1915.7865471831678 0.5666854965588962 127.3094265991524 
14 13 58847.811543238655 1803.8288948469976 32.53060629211875 115.90425172491064 1861.1332495650179 0.8820681728582961 81.81985914572579 
14 14 58847.97836713873 1784.827411757121 0.7731276786273598 78.37297122421819 1807.4553395306075 0.6880582067856339 76.2414889745944 
14 15 58848.62875376277 1597.8818921786788 0.22108320817643878 92.7558875114039 1635.9798342114473 0.38398637830648813 34.415687038510214 
14 16 58848.79557763518 1602.8151252305518 6.04668504289693 56.614655225982915 1610.661936789638 0.16410522409639589 58.47195390971001 
14 17 58848.96240148101 1537.0911533076014 2.7785822593889593 78.73277686787651 1568.3263187338302 0.479158363489735 40.61709026013659 
