7 0 58843.75503196641 327.5145845854122 0.038823934486735656 8.703829212395704 327.7477087372765 0.028570152018779302 6.922298453687915 
7 1 58843.92186787488 330.492425120886 0.050184491307655954 8.275919248680452 331.70389465090636 0.06943051843568653 5.746633062658191 
7 2 58844.06783628273 335.6090117078738 0.018474961613731546 7.313409698050123 335.80962346930187 0.030643554160941867 6.459866727995859 
7 3 58844.74879011938 361.5952631212226 0.040532945725526806 0.8845038160617378 361.6511625439995 0.2538642349159829 1.277182948237055 
7 4 58844.915591227895 372.34999425544004 0.07259762014746131 -0.7528893709596218 374.2707594647951 0.16044676937933536 -4.243783319564443 
7 5 58845.068503644296 379.3142586679718 0.017967083248901155 4.705136117375048 379.5050388476793 0.06307019109024418 3.5866720676874593 
7 6 58845.70471332777 407.68565831632066 0.035271951784338694 4.746530467343007 407.1805490501233 0.08256748925676329 4.520968023062494 
7 7 58845.87150264418 414.66166983781727 0.027964995329595652 -2.30536300248167 414.0253832094895 0.08753727142927109 -0.14636187168451897 
7 8 58846.03832673687 420.03857955000905 0.047008756650710304 5.844985158269992 420.57012144384134 0.0764886238907484 5.597617588418643 
7 9 58846.737439386954 419.9260767292647 0.049743488266618445 -2.4128204195727676 420.4430762800464 0.03645262125782089 -5.185019877880677 
7 10 58846.904309725374 416.1260830981613 0.030921121089918464 11.6192391935042 415.6948430822721 0.05093942864472356 12.459222531935211 
7 11 58847.057187467624 413.45144488872324 0.047764846884849534 -4.422597511525112 413.045302277933 0.11241765897666053 -6.652757581290302 
7 12 58847.72735366922 381.94315902862445 0.05964302365022732 9.185026544024765 382.4161424665906 0.07134935194382439 9.12266292614214 
7 13 58847.89411976051 373.68924376179996 0.050655658416862544 6.206696484945326 374.81728156708607 0.06522844701475528 5.083895506933516 
7 14 58848.05284203331 367.5467225777322 0.04297488079093604 -9.428560550008115 368.3980228420935 0.049968993242566 -13.589457640141802 
7 15 58848.71133025468 339.0553326363546 0.02954655570239547 -2.900005571742497 340.6438090240895 0.04623975074029685 -1.8779519989923301 
7 16 58848.87815412104 336.0527473688209 0.042802662553161404 0.23472035902170774 337.04310368438405 0.08771116378624473 -1.9325274118456264 
7 17 58849.04266321295 334.5066429147734 0.03976456581697291 -1.8960178960376197 335.1423806745164 0.04930232868074065 -2.2843808334326923 
