9 0 58843.75503196641 520.341392343649 0.011795368814394646 7.553547457898389 521.7831205942036 0.04819126854564817 9.728549869068502 
9 1 58843.92186787488 512.4377527560758 0.3385120946936217 7.442978503037466 520.5304767439148 0.030175547032030587 9.527890035299151 
9 2 58844.06783628273 508.01243738465024 0.3062625974772165 15.045917921677642 518.2913163257163 0.025765523495036823 10.664810739301288 
9 3 58844.74879011938 509.1426512279403 0.2748657761613795 2.908558496483181 525.8011614632491 0.26017061014622184 4.336841298867512 
9 4 58844.915591227895 513.2931642993256 0.05930320932664485 -3.3949862000210373 516.2388168289183 0.1458951868747443 3.2845450590338032 
9 5 58845.068503644296 516.2991619188938 0.14952848802916266 6.898494135231431 520.254183388922 0.08924935223147301 9.088736510660738 
9 6 58845.70471332777 541.2522136060854 0.08609477162199239 11.307396455520347 545.5004627429132 0.026697188130581577 10.530308070719343 
9 7 58845.87150264418 551.2477652301591 0.030678788543344323 4.294191213444378 554.1751644529402 0.01598227343738079 4.208414991785276 
9 8 58846.03832673687 557.9283608867653 0.0444263349504782 12.064315416352883 561.5994814339941 0.028569542903076887 10.712615711337548 
9 9 58846.737439386954 573.8007851635064 0.3627480949510569 7.581819657494634 581.966117003112 0.0499706269701748 8.283974508989672 
9 10 58846.904309725374 582.1934605279578 0.1329328348890503 21.357702912296872 585.1503069429984 0.09544505474441746 19.907004707860892 
9 11 58847.057187467624 579.0950908642362 0.6455671313595089 6.644010783211684 587.3141020499838 0.04224471962470972 4.7224240608657055 
9 12 58847.72735366922 585.5015338986534 0.06832477645534554 13.565447834632096 587.2243036761107 0.06321882388525289 12.741959418514398 
9 13 58847.89411976051 582.6644593421822 0.08238765032519048 13.295701217510555 584.889325035321 0.0630045738475697 12.026001045825524 
9 14 58848.05284203331 578.3724840339355 0.1531347256912688 2.280654853913461 580.666366885674 0.10254133241510265 3.7255007235388575 
9 15 58848.71133025468 551.0227479947823 0.09361860582987491 5.15206395036455 552.985918627191 0.17897908914761582 5.699198309721282 
9 16 58848.87815412104 545.1403011390726 0.04937092750219974 7.465405703973829 551.9765689729684 0.12215478022191528 8.426086286267036 
9 17 58849.04266321295 537.342530035964 0.13864342222324982 5.132711871136621 543.0591263072164 0.07765253979303108 5.29161227071927 
