8 0 58843.75503196641 489.9553905758321 0.07450860781989325 11.993466901834893 490.98174949569807 0.061596816062914186 11.72831335747793 
8 1 58843.92186787488 487.9042949795697 0.03881723517340649 9.347597746876147 488.3326570990188 0.03742845148551067 8.656857159082278 
8 2 58844.06783628273 485.6975727415588 0.037496854628416766 11.221400304208487 486.01668611698966 0.04249203129336942 10.062042823958564 
8 3 58844.74879011938 488.37082353043616 0.053663888670271734 2.3506793505131327 488.30480006872733 0.0634477221686264 2.4865010378678107 
8 4 58844.915591227895 493.0043880601368 0.06122692424836957 3.3883900977834855 492.7643498997571 0.06536105060796338 3.2498223068752736 
8 5 58845.068503644296 496.8177079637328 0.04799118542521051 7.710852502821751 496.6465376111472 0.045303662746790554 6.9190280011195 
8 6 58845.70471332777 522.5011189718612 0.06223673133600806 8.926639367522398 521.1009826044204 0.0873959013038346 11.087288747151888 
8 7 58845.87150264418 530.4317285240531 0.050501964067075744 3.7803494427889746 529.1979986642585 0.04767367071582312 4.236205629031019 
8 8 58846.03832673687 537.5290556154482 0.0639489872109371 10.459837450635519 535.3810269077744 0.0740508613154981 10.854986725881531 
8 9 58846.737439386954 560.2605995673789 0.07045456071841183 6.40054131985346 559.1793444350147 0.07549711350958824 6.2215690088744395 
8 10 58846.904309725374 564.1474980310988 0.06918152187993165 15.088871728521326 562.9496478165875 0.04362353417987026 14.316085618541933 
8 11 58847.057187467624 564.9721237873205 0.04715519928895582 4.3519672340635225 563.9295677770908 0.04163377713192625 4.065527230273688 
8 12 58847.72735366922 557.7871683947988 0.03775063313971062 13.939344883013064 558.9538047673219 0.03235953342586886 13.755065880602388 
8 13 58847.89411976051 553.0942734831108 0.032558623250265206 13.12628955803848 553.9398204523579 0.035079281106261316 12.664244361738497 
8 14 58848.05284203331 547.5286932927352 0.04712593922206509 -0.36107651890222314 548.6191009174172 0.04828603583366232 -0.798885970299807 
8 15 58848.71133025468 519.8222336068382 0.027481662603058007 4.69620586382905 521.5653558974045 0.0326122800920668 4.642244616500875 
8 16 58848.87815412104 513.4930179221166 0.0331532240004777 6.414774432073273 514.6064431635367 0.03763147198957661 6.241638121778578 
8 17 58849.04266321295 507.4174796068802 0.04206319268017263 6.243622736986197 508.87809810416246 0.05407102288070818 5.204724895325512 
