10 0 58843.75503196641 525.8491110450426 0.468274575909888 13.76561031987444 528.7970703030376 0.07136864919215798 10.815208989364237 
10 1 58843.92186787488 511.9421401031952 0.2073150435872257 7.407961834960929 520.5321345388877 0.03799073149326139 9.589412944220271 
10 2 58844.06783628273 509.6180491334419 0.39613106545172194 12.129391800894211 518.3755320639798 0.026821232117162253 10.406246485234306 
10 3 58844.74879011938 517.4815895748663 0.5055525852346522 2.716079499244529 524.3702128171681 0.08673787655256339 3.641735873521725 
10 4 58844.915591227895 524.6449343661809 0.3880057721592551 2.9296850829671257 532.1548634474914 0.19456059318876018 1.5488887079401366 
10 5 58845.068503644296 531.9075923912899 0.6743044869155027 9.152516674125877 540.8702288351033 0.04502532094192859 9.690839843216509 
10 6 58845.70471332777 570.260438954745 0.07948103255509885 13.267559928910146 575.0960939338913 0.037389240287783884 14.769426677996194 
10 7 58845.87150264418 580.9556586305998 0.09178724650397345 5.648484851362014 585.4451249724896 0.04291623694330932 7.073322839382854 
10 8 58846.03832673687 586.3312233044445 0.3877096597486573 15.903797313936366 594.361637173629 0.055359763260575304 10.952810133347839 
10 9 58846.737439386954 615.3338746795358 0.3241549008598144 7.699564458126588 619.771196974426 0.16488970787368745 11.448211584776686 
10 10 58846.904309725374 615.5060041937406 0.2712239562449971 14.70764471469738 621.610905331394 0.052725793959242186 19.192945092706168 
10 11 58847.057187467624 619.4510107122173 0.5111524337670148 1.9613651627940953 624.0997776554707 0.13134072272756794 5.896251244855762 
10 12 58847.72735366922 606.0593265115967 0.3341581970813805 11.18450713637526 610.1646139676941 0.14261685760357293 12.142757562344627 
10 13 58847.89411976051 593.4339830093481 1.0347862911366714 13.32760448106967 604.3604571955836 0.14979678799803026 15.204252592294438 
10 14 58848.05284203331 589.246360677786 2.513962065319011 0.07192452853917075 599.2487039497502 0.13755059848002874 -1.8654043058475054 
10 15 58848.71133025468 550.6555068161512 0.6064570359619863 4.772168093370283 562.8355207489309 0.12391025426160504 1.995437354939213 
10 16 58848.87815412104 544.7907606031793 0.10828963250968836 7.311268317017152 552.4783276230987 0.11549490337072181 8.418952263130564 
10 17 58849.04266321295 537.3706354541403 0.1463495213697736 5.093778146630598 544.3488921420654 0.09684625873465175 5.718885090875801 
