18 0 58843.67245528479 10050.817772300601 2255.5220093767703 -236.33486832256858 9748.223742595106 114.16803282498635 440.8757264212327 
18 1 58843.839291199954 10057.398544211814 25.152720195157787 125.25546164349907 9662.77275000444 15.271366157686776 225.60653872165494 
18 2 58844.00609239265 9612.30225780516 4.592924233279211 -18.86370601096678 9528.889999956396 4.095899460022679 -39.32509734663472 
18 3 58844.666213477336 10816.023733339473 30.732053735705815 521.5610867018404 10628.372033196069 6.242947612019636 228.60186761754994 
18 4 58844.83301459241 11319.989796858514 6.585359365758006 -179.8506271842034 11293.157715806585 5.140591178968292 -126.18646507662015 
18 5 58844.999815527575 11655.309921087864 7.367073971396847 50.573416793680735 11655.309921073575 7.367073973670112 50.57341680984064 
18 6 58845.622090428034 14843.791210763458 139.0572847802228 -541.2795037306278 14662.522687056742 231.26227196270443 -178.74245631873237 
18 7 58845.78892604592 15419.711849277906 19.69467138330203 -184.67702084262783 15349.586115039834 9.227485979630398 -218.3153653844438 
18 8 58845.95575014503 15952.362482548451 93.7519129509592 -451.71455903225615 15783.952028641754 55.49455135975271 -788.5354668456803 
18 9 58846.6548628218 17671.45250659858 28.422987228723045 -87.72658657182183 17749.932352867916 320.4908813698835 310.8268467787202 
18 10 58846.82168687153 17728.243503076388 8.660704269478034 250.74100127590282 17720.575391582133 42.85930022563731 189.9176616663026 
18 11 58846.98849941457 17668.844188948256 20.537277856946144 88.56061590699755 17600.49676501417 10.822557332820908 -48.134231979613105 
18 12 58847.6447308462 16544.11869410675 77.92591981659719 242.30282013211036 16371.378613960182 22.31350074522625 110.52754296460989 
18 13 58847.811543238655 15953.369753360128 6.200133052202498 -100.09793537883888 15701.717259560035 58.23962596006176 165.5558661184932 
18 14 58847.97836713873 15466.525257488729 10.813563251203325 45.11089282587636 15410.78870832121 9.803581773377188 25.590891384941642 
18 15 58848.62875376277 13020.344937411497 6.987628797450345 -131.48489281564252 12938.42168522378 39.28562773563108 32.361611554810224 
18 16 58848.79557763518 12437.393765406561 14.219419665700544 -67.99536018696745 12398.241568323938 13.922572903666225 10.309034103293016 
18 17 58848.96240148101 11244.237193526165 78.91252935656328 238.80479189003563 10977.45151294953 83.06611572079348 -294.76656926323267 
