0 0 58843.75503196641 862.657183862261 0.18314369414541373 33.053753923374416 865.5223962039738 0.12319037749675402 34.201041127794156 
0 1 58843.92186787488 853.0874195032634 0.4167825184273834 43.707116011991275 863.6434153755408 0.09951544495547197 40.63552018379221 
0 2 58844.06783628273 860.0793302255249 0.08326443672451593 49.15183850495612 867.5296145831791 0.07754093795433749 46.0433143755904 
0 3 58844.74879011938 884.1783739243078 0.6733393920622162 29.53943179615601 897.8682485120871 0.08939112373703616 24.2817335057199 
0 4 58844.915591227895 912.5352565080138 0.18890719829375058 28.13819679809592 913.4486729935107 0.16764130086779175 29.7543741635443 
0 5 58845.068503644296 920.183618871838 0.37847310572951487 43.142735000533435 922.743436278926 0.33328971302784466 38.02310018640742 
0 6 58845.70471332777 1002.2640407961359 0.33162255516448197 52.913432790844354 1003.0333858347599 0.27153292481486085 54.452122868032234 
0 7 58845.87150264418 1018.4277599516429 0.8751000369792462 47.480015069737306 1026.6661255328456 0.1538760666378018 41.73690497820144 
0 8 58846.03832673687 1040.3429597442564 0.7141362037753757 54.30354995915127 1044.9455673844054 0.26718250960041073 54.220468209789715 
0 9 58846.737439386954 1108.415506310117 0.6699307880275908 44.84882156573212 1112.5467810271625 0.3207451319217107 50.11245923163028 
0 10 58846.904309725374 1108.7948415702026 0.2969400248293809 40.547009778111715 1113.092282219175 0.47702958459040473 40.585395289959024 
0 11 58847.057187467624 1115.7471508144886 1.8233582689292258 14.778613140981406 1127.925966598503 0.5759507326108537 26.265698605912803 
0 12 58847.72735366922 1061.3014071811322 0.9882635066259305 33.67095430786708 1069.6262862249407 0.3826827405409475 40.32309995938385 
0 13 58847.89411976051 1041.461530713895 0.3713425689337311 53.670820775572 1051.190438948339 0.2862583073611751 52.07699832109893 
0 14 58848.05284203331 1009.735488545984 1.6142062544636968 30.58106687963209 1024.8749246914979 0.27048694350596597 25.263029438404487 
0 15 58848.71133025468 927.00865546617 0.7430601143088541 21.349716816238356 935.433950233637 0.2528312781845002 30.663994694111125 
0 16 58848.87815412104 910.4153210523477 1.1597525540116456 26.702408768428313 921.9584406086619 0.14733606563875074 39.82640916570347 
0 17 58849.04266321295 886.4700675447796 1.3991353926913606 43.04654038156809 900.3113390668611 0.1390355210392786 24.76704802386189 
