6 0 58843.75503196641 594.0765694075315 0.08868895878988313 22.18927660538145 602.3672109237618 0.16001508618212093 16.847748870659757 
6 1 58843.92186787488 598.4378404974785 0.055319298953816896 30.611569789729856 597.0738550780266 0.10171572229670497 38.50376372876951 
6 2 58844.06783628273 606.6511003978007 0.07971673433770851 28.425215632723734 608.5453154356982 0.1587087277564433 26.46351306287829 
6 3 58844.74879011938 630.3360505458855 1.8078620763102697 -2.811384759760813 620.3685950379634 0.06529331775294708 9.517134687936846 
6 4 58844.915591227895 647.3892925890661 0.746796505931581 20.637465100135614 637.2948389826581 0.04261820487585383 9.37542498623759 
6 5 58845.068503644296 670.0847861836614 2.5800735808878072 31.823332793623877 655.9439024751944 0.11422630837519412 19.528877461258844 
6 6 58845.70471332777 723.2228487333972 0.08949020322845987 22.704861278735507 718.5262840635221 0.08226696501286286 26.75179811283806 
6 7 58845.87150264418 742.0504236281945 0.3693861793780854 22.736682482640276 731.6822694097939 0.10618187326013383 29.88893952091894 
6 8 58846.03832673687 751.5364442310877 0.22297390236501213 26.35465263511867 743.3177791975504 0.19556456353476134 21.994714599726194 
6 9 58846.737439386954 770.4006356727243 0.09383139045229334 40.45942778474682 768.0559123657436 0.11479923830092777 43.99563633318223 
6 10 58846.904309725374 771.2388775003908 1.1545110276641048 42.98720183899297 762.4441187333875 4.597382820104814 57.53080512029703 
6 11 58847.057187467624 762.5010454141163 0.3480180646095579 33.26586041685562 758.0106797160568 0.3528188972526187 24.964669734256972 
6 12 58847.72735366922 729.013312219718 0.11822682739371984 35.210065679044874 721.788082383695 0.31492600552877276 31.284291323979687 
6 13 58847.89411976051 705.0096842993282 0.2791682166176573 28.616126879756848 698.6953623155694 0.1501848817668199 30.68059291267548 
6 14 58848.05284203331 695.2728316124387 0.06483422105758856 2.5004184406285503 695.5770479985665 0.14307498536285015 1.3236810304379105 
6 15 58848.71133025468 625.1633934235849 0.21957196827494282 7.929429832128903 631.5145206073153 0.11107160459553515 5.112657090518837 
6 16 58848.87815412104 611.195144134658 0.9331736854428594 18.379715455011706 620.1376697345579 0.07174231875792579 14.239965891256134 
6 17 58849.04266321295 602.9745076369563 0.14203218039070045 -0.02723421477833199 610.4383613513426 0.0430346493937201 3.2025529418598353 
