23 0 58843.67245528479 221.67564394236751 0.011828167892946877 -0.7580610015815239 221.66791358706269 0.011944385704851847 -0.7735217120702487 
23 1 58843.839291199954 221.74413496398668 0.12610049384791386 -0.877013939212361 221.74413497329428 0.12610049448765304 -0.8770139612230423 
23 2 58844.00609239265 231.16545495705253 0.025910600493579784 -13.790856059323033 230.6321409591859 0.030035826807503434 -12.724228062858629 
23 3 58844.666213477336 266.0121648108973 0.03969435153442313 8.499173173082852 266.01216481080667 0.03969435158512462 8.499173172905273 
23 4 58844.83301459241 275.66248296084655 1.0348591465836072 -17.85546348566021 272.0990002829178 0.03628405750695807 -12.910790125661379 
23 5 58844.999815527575 300.211855031617 0.015178784004739583 9.496161196179173 299.4529607653511 0.017607109026966997 8.608122026944045 
23 6 58845.622090428034 343.4472179699713 0.01553462602869573 -11.900928066466463 343.4472175897556 0.015534598335614191 -11.900928862147339 
23 7 58845.78892604592 343.2609714245066 0.13597305982402783 22.469146426854934 343.2609714244662 0.13966994696631083 22.469146426342775 
23 8 58845.95575014503 347.35187480154934 0.014821688150190127 -3.210411314030125 347.3518748081308 0.014821688180658233 -3.2104113007550836 
23 9 58846.6548628218 338.68972929156484 0.29194536702491214 2.9417886595315395 332.0107211597315 0.7351221409010864 16.299805016180528 
23 10 58846.82168687153 307.0687419414455 0.4473227246956509 10.181674606055196 290.44324882502247 0.5073927869437648 17.649688509543523 
23 11 58846.98849941457 316.3878153373381 0.04781321989883759 -3.4860042635649506 316.3878153367965 0.04781321983828964 -3.4860042636510684 
23 12 58847.6447308462 262.6465109734653 0.14927207590290176 29.95655106292645 262.30455162898164 0.14133367876290773 29.272632363975987 
23 13 58847.811543238655 240.99545269811807 0.08041344713978704 -8.502160555864549 240.99545292576238 0.08041345221031122 -8.502161011460856 
23 14 58847.97836713873 243.4072879790309 0.08807847537047571 -34.190901319439746 243.26803617904497 0.08690044484406584 -34.46940491802769 
23 15 58848.62875376277 176.80031676563644 0.01714071285855206 -2.6371383472184107 176.80031678974794 0.017140721120482646 -2.6371383953964482 
23 16 58848.79557763518 174.3344581817889 0.02507203436903027 -3.0995490121146076 174.33445817934097 0.025072034406351917 -3.099549006877254 
23 17 58848.96240148101 177.63029966586825 0.016368969474943422 -11.793256637834872 177.63029966427285 0.01636896942360001 -11.793256634608184 
