17 0 58843.75503196641 12341.715236408596 10.634995462743875 -63.268794647648974 12375.62717088469 9.410610633128774 -88.20935423860465 
17 1 58843.92186787488 12174.484683924056 3.5417660383177485 130.35502731086854 12182.808341555654 3.5567627359142278 142.5543454234121 
17 2 58844.06783628273 12146.002338752618 3.9678205679395133 -5.6971592062291165 12153.545337901996 4.20619379658633 9.388839089262547 
17 3 58844.74879011938 12766.6243900847 23.955553253250347 15.181762210404486 12993.997603155496 24.686782574098203 251.5615284975429 
17 4 58844.915591227895 13428.49002362234 56.59255236763396 264.10729206759606 13480.284061359122 16.440030156076467 -124.88688628884302 
17 5 58845.068503644296 13699.31874240881 11.428729857750827 154.1470519048471 13726.174322744533 10.52231713856042 28.087130545723994 
17 6 58845.70471332777 15784.385414865721 22.928352500087698 244.5983880212625 16211.28437504366 13.345444401308113 234.494658100768 
17 7 58845.87150264418 16403.258214181795 9.373110306097129 71.28548451199276 16476.394810725746 6.882171406417132 63.58968541182185 
17 8 58846.03832673687 17111.384898791533 23.13974291388855 -86.27727623013561 17325.986807317666 7.0793221274482425 125.07014407906536 
17 9 58846.737439386954 18407.824332062926 19.80817679169018 167.19607589472434 18616.929671187696 10.194660881185003 154.21196681379297 
17 10 58846.904309725374 18626.012863569602 7.52961916289438 209.5221156775806 18706.129806542074 4.701553410017634 159.42712996860791 
17 11 58847.057187467624 18543.90861674142 52.905277175286884 62.224108346999856 18802.451129307155 22.78108458383587 164.21544371021446 
17 12 58847.72735366922 17507.19911847145 42.19998039707518 23.754537225606327 17587.352484864437 34.622217907732534 -52.92317532402012 
17 13 58847.89411976051 17110.014934551233 26.479720247777912 157.34761219940992 17207.52818077602 17.247624045096515 -23.01422980814459 
17 14 58848.05284203331 16803.240606403946 64.66900915855918 -265.4575600557473 16869.547077414885 55.615160019235425 -345.09620236897536 
17 15 58848.71133025468 14309.143669448149 39.23757776065165 -230.39564615991367 14636.209141167972 23.903178309416425 423.7352973459256 
17 16 58848.87815412104 13771.489541583342 43.33250749988622 -52.289925077531734 13985.565914211684 6.6520411345139765 -297.99737238911985 
17 17 58849.04266321295 13177.744499988548 86.8677954819426 17.38529870711318 13481.210677333143 14.898180505572093 226.14154174803843 
